1 0.143298 0.757937 0.096120 0.322751
1 0.261905 0.765873 0.086420 0.325397
1 0.399912 0.785053 0.092593 0.342593
1 0.559083 0.780423 0.118166 0.399471
1 0.645503 0.786376 0.088183 0.374339
1 0.764550 0.776455 0.104056 0.312169
1 0.901675 0.718254 0.168430 0.518519
1 0.715608 0.599868 0.085538 0.228836
1 0.524691 0.656085 0.082892 0.423280
1 0.578042 0.521164 0.059083 0.150794
1 0.637566 0.537698 0.065256 0.175926
1 0.365079 0.689153 0.068783 0.312169
1 0.151675 0.555556 0.084656 0.190476
1 0.224868 0.547619 0.061728 0.169312
1 0.329806 0.574074 0.153439 0.071429
1 0.378307 0.494048 0.077601 0.101852
1 0.450176 0.648810 0.073192 0.239418