0 0.389706 0.381653 0.163399 0.263305
0 0.207925 0.490896 0.177288 0.308123
0 0.360703 0.643557 0.224673 0.327731
0 0.515931 0.533613 0.142974 0.295518
0 0.805556 0.438375 0.184641 0.348739
0 0.550245 0.267507 0.147876 0.284314
0 0.408088 0.161064 0.182190 0.259104
0 0.252859 0.240196 0.254085 0.291317
0 0.094771 0.344538 0.151961 0.275910
0 0.881127 0.885504 0.201797 0.228992
0 0.602941 0.728992 0.143791 0.263305
0 0.455474 0.852941 0.206699 0.287115
0 0.316585 0.888305 0.219771 0.223389
0 0.172386 0.727591 0.205882 0.316527
0 0.503268 0.499300 0.993464 0.974790