0 0.497914 0.862328 0.032541 0.040050
0 0.515019 0.841677 0.025031 0.046308
0 0.590530 0.879850 0.049228 0.015019
0 0.601794 0.866708 0.045056 0.061327
0 0.572174 0.857947 0.045891 0.083855
0 0.658114 0.882353 0.014184 0.060075
0 0.652274 0.894869 0.029203 0.100125
0 0.687735 0.894869 0.021694 0.082603
0 0.724447 0.944931 0.036713 0.075094
0 0.647685 0.971214 0.078431 0.027534
0 0.517939 0.959950 0.044222 0.072591
0 0.553817 0.950563 0.060909 0.098874
0 0.635586 0.939925 0.202753 0.120150
1 0.322695 0.452441 0.156028 0.904881