0 0.494690 0.703160 0.141340 0.206426
0 0.805147 0.588842 0.357026 0.518678
0 0.654820 0.309252 0.107026 0.173764
0 0.528595 0.322317 0.016340 0.032662
0 0.530637 0.232822 0.025327 0.065325
0 0.498366 0.181869 0.013072 0.031356
0 0.446078 0.164885 0.017974 0.039195
0 0.437908 0.242621 0.047386 0.087535
0 0.272876 0.404626 0.184641 0.228636
0 0.114788 0.577083 0.224673 0.550033
0 0.254085 0.908279 0.098039 0.130649
0 0.435458 0.909585 0.143791 0.125423
0 0.368056 0.808986 0.049837 0.091454
0 0.313725 0.674417 0.070261 0.138488
0 0.388889 0.605173 0.042484 0.062712
0 0.062092 0.217144 0.111111 0.188135
0 0.109069 0.078656 0.103758 0.117584
0 0.379902 0.110012 0.116013 0.198587
0 0.517157 0.076696 0.071895 0.129343
0 0.698529 0.123077 0.148693 0.214265
0 0.844771 0.237395 0.114379 0.173764
0 0.859069 0.090415 0.028595 0.094067
0 0.945670 0.143327 0.100490 0.270444