0 0.339052 0.751478 0.094771 0.266418
0 0.032680 0.768908 0.050654 0.281357
0 0.060866 0.605820 0.059641 0.199191
0 0.147467 0.575941 0.046569 0.139434
0 0.301879 0.602085 0.051471 0.186741
0 0.345180 0.625739 0.061275 0.154373
0 0.417484 0.554777 0.039216 0.122004
0 0.587827 0.836134 0.089052 0.326175
0 0.686683 0.816215 0.110294 0.311236
0 0.785131 0.813725 0.116013 0.266418
0 0.969363 0.631964 0.061274 0.236539
0 0.790850 0.618270 0.049020 0.174292
0 0.502859 0.809991 0.098856 0.303766
0 0.500408 0.543573 0.092320 0.219110
0 0.019199 0.636944 0.036765 0.161843