0 0.901752 0.637046 0.152691 0.162703
0 0.723404 0.551940 0.001252 0.012516
0 0.866708 0.428661 0.170213 0.151439
0 0.861702 0.534418 0.222778 0.132666
0 0.764706 0.638924 0.166458 0.153942
0 0.607009 0.610763 0.146433 0.155194
0 0.358573 0.568836 0.047559 0.031289
0 0.332916 0.573217 0.349186 0.035044
0 0.332290 0.625156 0.285357 0.229036
0 0.327910 0.305382 0.246558 0.232791
0 0.589487 0.322278 0.191489 0.198999
0 0.776596 0.414268 0.127660 0.200250
0 0.142678 0.421151 0.204005 0.143930
0 0.111389 0.569462 0.081352 0.212766
0 0.415519 0.494994 0.231539 0.121402
0 0.640801 0.503129 0.158949 0.120150
0 0.617021 0.449937 0.196496 0.181477
0 0.474343 0.461202 0.244055 0.239049
0 0.312891 0.482478 0.276596 0.196496