0 0.306781 0.887255 0.051471 0.125490
0 0.089052 0.683333 0.042484 0.101961
0 0.089869 0.550980 0.049020 0.100000
0 0.254902 0.480392 0.039216 0.084314
0 0.259395 0.370588 0.038399 0.088235
0 0.162990 0.273529 0.040033 0.074510
0 0.135212 0.137255 0.046569 0.088235
0 0.254493 0.198039 0.038399 0.092157
0 0.312092 0.122549 0.035948 0.078431
0 0.248366 0.058824 0.032680 0.068627
0 0.102533 0.038235 0.049837 0.058824
0 0.403186 0.306863 0.038399 0.094118
0 0.410131 0.595098 0.050654 0.125490
0 0.503268 0.675490 0.052288 0.121569
0 0.589461 0.837255 0.054739 0.131373
0 0.621732 0.516667 0.047386 0.105882
0 0.592729 0.432353 0.051471 0.121569
0 0.604167 0.366667 0.049837 0.088235
0 0.681373 0.339216 0.049020 0.100000
0 0.708333 0.259804 0.035948 0.078431
0 0.689542 0.179412 0.047386 0.098039
0 0.602533 0.138235 0.025327 0.078431
0 0.533088 0.082353 0.046569 0.060784
0 0.694444 0.049020 0.037582 0.072549
0 0.836193 0.310784 0.038399 0.070588
0 0.778186 0.425490 0.041667 0.107843
0 0.785131 0.580392 0.037582 0.088235
0 0.779412 0.778431 0.066993 0.103922
0 0.966095 0.698039 0.049837 0.127451
0 0.981209 0.864706 0.037582 0.123529
0 0.972222 0.291176 0.044118 0.078431
0 0.950980 0.230392 0.040850 0.082353
0 0.859886 0.073529 0.038399 0.070588