0 0.811275 0.664706 0.316993 0.511111
0 0.602941 0.607190 0.073529 0.105882
0 0.523693 0.603268 0.058824 0.116340
0 0.450572 0.609804 0.077614 0.121569
0 0.360703 0.612418 0.066176 0.087582
0 0.288399 0.611765 0.057190 0.091503
0 0.247958 0.603268 0.116830 0.132026
0 0.161356 0.609150 0.136438 0.143791
0 0.084559 0.612418 0.133170 0.103268
0 0.123775 0.547059 0.115196 0.082353
0 0.175654 0.526797 0.107843 0.162092
0 0.267974 0.500000 0.138889 0.024837
0 0.294935 0.322876 0.093137 0.091503
0 0.363154 0.270588 0.072712 0.115033
0 0.404412 0.206536 0.073529 0.094118
0 0.475082 0.394771 0.077614 0.122876
0 0.497958 0.313725 0.093954 0.128105
0 0.559641 0.428105 0.076797 0.113725
0 0.495915 0.484314 0.096405 0.137255
0 0.428922 0.490196 0.112745 0.180392
0 0.367239 0.513725 0.121732 0.198693
0 0.631944 0.495425 0.043301 0.235294
0 0.563317 0.528105 0.069444 0.143791
0 0.234477 0.404575 0.088235 0.116340
0 0.174020 0.448366 0.075163 0.075817
0 0.059641 0.562092 0.047386 0.091503