0 0.598874 0.909262 0.127660 0.116395
0 0.694618 0.806633 0.113892 0.118899
0 0.708385 0.714018 0.118899 0.113892
0 0.565081 0.719024 0.122653 0.113892
0 0.424280 0.707760 0.121402 0.123905
0 0.574468 0.546308 0.116395 0.108886
0 0.555069 0.454944 0.102628 0.118899
0 0.476846 0.467459 0.091364 0.091364
0 0.381101 0.548185 0.107635 0.100125
0 0.265332 0.555695 0.113892 0.107635
0 0.289737 0.747810 0.105131 0.113892
0 0.225282 0.762829 0.003755 0.003755
0 0.372340 0.814143 0.112641 0.101377
0 0.483104 0.805382 0.098874 0.126408
0 0.720275 0.511890 0.100125 0.117647
0 0.643304 0.408010 0.093867 0.102628
0 0.574468 0.351690 0.103880 0.090113
0 0.527534 0.294118 0.090113 0.085106
0 0.681477 0.325407 0.100125 0.092616
0 0.206508 0.630163 0.116395 0.116395