0 0.158152 0.696496 0.181150 0.251564
0 0.199474 0.445557 0.178646 0.302879
0 0.370607 0.367334 0.148593 0.236546
0 0.414434 0.648936 0.182820 0.296621
0 0.283371 0.855444 0.207864 0.284105
0 0.658193 0.755945 0.246264 0.332916
0 0.746681 0.461827 0.232907 0.260325
0 0.555096 0.479975 0.205359 0.376721
0 0.637741 0.276596 0.163620 0.275344
0 0.831830 0.238423 0.186159 0.279099
0 0.945759 0.856070 0.108482 0.287860
0 0.838926 0.694618 0.193672 0.337922
0 0.579305 0.931790 0.263795 0.136420
0 0.135613 0.919274 0.196176 0.161452
0 0.073859 0.350438 0.147717 0.330413
0 0.335546 0.167084 0.202020 0.301627
0 0.593914 0.130788 0.151098 0.246558