0 0.267528 0.663955 0.221249 0.306633
0 0.604746 0.575094 0.262934 0.324155
0 0.806756 0.655820 0.194528 0.275344
0 0.463125 0.814768 0.253314 0.292866
0 0.075672 0.622653 0.149637 0.309136
0 0.117357 0.466834 0.220180 0.270338
0 0.309747 0.375469 0.213767 0.300375
0 0.558786 0.291615 0.218043 0.262829
0 0.749039 0.355444 0.220180 0.265332
0 0.897607 0.192741 0.185977 0.250313
0 0.719111 0.169587 0.181702 0.188986
0 0.564665 0.188986 0.202010 0.185232
0 0.263253 0.199625 0.236213 0.193992
0 0.646431 0.830413 0.205217 0.241552
0 0.839355 0.832290 0.234075 0.262829
0 0.934909 0.710889 0.130182 0.325407
0 0.911929 0.438048 0.176142 0.340426