0 0.200604 0.504380 0.191979 0.205257
0 0.386869 0.494368 0.178266 0.252816
0 0.557708 0.525657 0.204549 0.242804
0 0.752544 0.525657 0.228547 0.172716
0 0.737688 0.387985 0.205692 0.195244
0 0.470289 0.240926 0.153126 0.226533
0 0.200033 0.342303 0.209120 0.198999
0 0.396583 0.357947 0.305110 0.185232
0 0.659983 0.272215 0.175981 0.204005
0 0.768542 0.252816 0.148555 0.240300
0 0.698836 0.145181 0.205692 0.230288
0 0.523997 0.137046 0.214834 0.241552
0 0.346874 0.112015 0.203406 0.211514
0 0.258312 0.261577 0.193122 0.185232