0 0.488562 0.488235 0.209150 0.390850
0 0.664624 0.220915 0.185458 0.321569
0 0.872549 0.252941 0.183007 0.367320
0 0.831699 0.569281 0.223856 0.354248
0 0.559641 0.817647 0.269608 0.304575
0 0.187092 0.884967 0.254902 0.230065
0 0.313317 0.730065 0.206699 0.380392
0 0.351307 0.405882 0.230392 0.388235
0 0.221405 0.210458 0.176471 0.324183
0 0.078840 0.247712 0.157680 0.317647
0 0.084559 0.527451 0.169118 0.249673
0 0.086193 0.878431 0.151144 0.243137
0 0.699346 0.892810 0.284314 0.162092
0 0.941176 0.896732 0.117647 0.201307
0 0.421569 0.181046 0.191176 0.278431
0 0.553513 0.033987 0.000817 0.005229
0 0.506536 0.053595 0.068627 0.107190