0 0.400970 0.844806 0.106070 0.172716
0 0.494368 0.876721 0.112641 0.168961
0 0.608417 0.882353 0.100438 0.177722
0 0.797559 0.943054 0.122028 0.113892
0 0.870776 0.895494 0.105131 0.188986
0 0.897528 0.801627 0.111702 0.136421
0 0.883448 0.717772 0.107947 0.133917
0 0.860451 0.667710 0.095745 0.116395
0 0.255006 0.856696 0.114518 0.161452
0 0.137672 0.847309 0.107009 0.162703
0 0.104819 0.857947 0.013141 0.001252
0 0.050375 0.825407 0.091990 0.148936
0 0.070088 0.735920 0.103254 0.127660
0 0.119368 0.660826 0.109825 0.127660
0 0.169118 0.609512 0.106070 0.125156
0 0.185075 0.556320 0.104193 0.118899
0 0.131571 0.399249 0.081665 0.082603
0 0.038173 0.363579 0.060075 0.083855
0 0.091208 0.327910 0.045995 0.077597
0 0.130632 0.342929 0.062891 0.075094
0 0.293961 0.299750 0.076033 0.088861
0 0.241395 0.253442 0.044118 0.081352
0 0.082290 0.230288 0.046934 0.047559
0 0.025970 0.217146 0.039424 0.098874
0 0.084168 0.178348 0.041302 0.073842
0 0.116552 0.164581 0.038486 0.083855
0 0.153160 0.143304 0.021589 0.081352
0 0.940707 0.228411 0.044118 0.086358
0 0.770807 0.204631 0.051627 0.086358
0 0.717772 0.431790 0.035670 0.122653