0 0.613971 0.805753 0.082516 0.127897
0 0.572304 0.695176 0.077614 0.103916
0 0.796569 0.667864 0.070261 0.110577
0 0.846405 0.647880 0.065359 0.129229
0 0.786356 0.579935 0.079248 0.089261
0 0.716912 0.594590 0.087418 0.126564
0 0.648284 0.602584 0.095588 0.115906
0 0.571078 0.575272 0.084967 0.085264
0 0.486520 0.679188 0.089052 0.117239
0 0.361928 0.697174 0.099673 0.097255
0 0.296160 0.733811 0.074346 0.119903
0 0.234069 0.711829 0.095588 0.099919
0 0.228350 0.640553 0.110294 0.106581
0 0.294935 0.569943 0.143791 0.109245
0 0.133578 0.665200 0.102124 0.110577
0 0.103758 0.639221 0.076797 0.074606
0 0.459150 0.553956 0.093137 0.077271
0 0.430556 0.593924 0.094771 0.109245
0 0.599265 0.541300 0.098856 0.070610
0 0.691585 0.513989 0.079248 0.058619
0 0.781863 0.524647 0.065359 0.082600
0 0.932190 0.553290 0.076797 0.094590