0 0.328749 0.566333 0.222208 0.256571
0 0.202608 0.705257 0.243928 0.421777
0 0.455308 0.334793 0.246434 0.326658
0 0.689211 0.490613 0.248105 0.270338
0 0.742257 0.834168 0.260635 0.321652
0 0.506265 0.788486 0.253117 0.300375
0 0.149562 0.872340 0.258129 0.255319
0 0.252313 0.392991 0.201324 0.307885
0 0.358823 0.252190 0.270660 0.369212
0 0.658720 0.154568 0.255623 0.281602
0 0.824541 0.323529 0.253117 0.336671
0 0.083761 0.108886 0.167522 0.217772
0 0.068307 0.306008 0.136614 0.326658
0 0.024868 0.541302 0.049736 0.251564