0 0.598248 0.911139 0.133917 0.117647
0 0.551314 0.718398 0.125156 0.130163
0 0.425532 0.712766 0.153942 0.126408
0 0.571339 0.548185 0.137672 0.117647
0 0.557572 0.443680 0.140175 0.126408
0 0.381727 0.555695 0.126408 0.110138
0 0.258448 0.566333 0.102628 0.133917
0 0.290363 0.750939 0.123905 0.147685
0 0.206508 0.633292 0.106383 0.125156
0 0.697121 0.807259 0.126408 0.092616
0 0.710263 0.709637 0.125156 0.092616
0 0.668961 0.572591 0.115144 0.098874
0 0.709637 0.502503 0.083855 0.128911
0 0.643930 0.418023 0.127660 0.132666
0 0.575720 0.361076 0.108886 0.121402
0 0.470588 0.465582 0.106383 0.117647