0 0.313100 0.658949 0.256988 0.181477
0 0.219650 0.414268 0.277013 0.205257
0 0.079787 0.532541 0.159574 0.196496
0 0.098978 0.753442 0.197956 0.215269
0 0.409053 0.958698 0.292032 0.082603
0 0.497497 0.767835 0.231957 0.216521
0 0.711932 0.742804 0.186900 0.221527
0 0.869629 0.640801 0.258657 0.222778
0 0.207968 0.208385 0.210263 0.206508
0 0.444931 0.187109 0.176888 0.211514
0 0.598456 0.324781 0.250313 0.266583
0 0.891322 0.420526 0.158531 0.190238
0 0.761160 0.155194 0.205257 0.205257
0 0.577597 0.150188 0.275344 0.230288
0 0.495828 0.489987 0.932833 0.949937